id,sourceidentifier,published,lastmodified,vulnstatus,cvetags,descriptions,weaknesses,configurations,references,metrics_cvssmetricv2,metrics_cvssmetricv31,metrics_cvssmetricv30,evaluatorcomment,cisaexploitadd,cisaactiondue,cisarequiredaction,cisavulnerabilityname,evaluatorimpact,vendorcomments,evaluatorsolution,metrics_cvssmetricv40
CVE-2014-59156,cve@mitre.org,2015-01-13T11:59:38.163,2023-11-07T02:20:42.003,Rejected,[],Rejected reason: DO NOT USE THIS CANDIDATE NUMBER. ConsultIDs: CVE-2014-2352. Reason: This candidate is a duplicate of CVE-2014-2352. The wrong ID was used. Notes: All CVE users should reference CVE-2014-2352 instead of this candidate. All references and descriptions in this candidate have been removed to prevent accidental usage,,,[],,,,,,,,,,,,
